2.264372332999830206e+00 4.712553340003395874e-01
4.919277892330148561e+00 -4.838555784660297121e+00
2.975009805258466589e+00 -9.500196105169331773e-01
3.508593163182860852e+00 -2.017186326365721705e+00
2.903920452055811285e+00 -8.078409041116225708e-01
4.513225061590075526e+00 -4.026450123180151053e+00
2.510541350374063008e+00 -2.108270074812601536e-02
3.634195308118524093e+00 -2.268390616237048185e+00
2.236352845101245101e+00 5.272943097975097970e-01
4.963167727829556952e+00 -4.926335455659113904e+00
3.053462704187557275e+00 -1.106925408375114550e+00
3.366527526976130780e+00 -1.733055053952261559e+00
4.101409021841417868e+00 -3.202818043682835736e+00
4.094735683302228146e+00 -3.189471366604456293e+00
3.961649149417331373e+00 -2.923298298834662745e+00
3.246560233232117731e+00 -1.493120466464235463e+00
4.534578096593853580e+00 -4.069156193187707160e+00
3.935276891482339501e+00 -2.870553782964679002e+00
2.050969626490243947e+00 8.980607470195121067e-01
3.948298338059698764e+00 -2.896596676119397529e+00
4.639728295039047268e+00 -4.279456590078094536e+00
2.625476999618234775e+00 -2.509539992364695493e-01
2.318594177975302539e+00 3.628116440493949213e-01
3.421089728488063919e+00 -1.842179456976127838e+00
4.314236229352873764e+00 -3.628472458705747528e+00
2.961867542070593551e+00 -9.237350841411871016e-01
3.925910666928540405e+00 -2.851821333857080809e+00
4.002527527280949293e+00 -3.005055054561898586e+00
2.217778602350682249e+00 5.644427952986355024e-01
4.737335282503635447e+00 -4.474670565007270895e+00
3.431139943395058900e+00 -1.862279886790117800e+00
2.987658721859767663e+00 -9.753174437195353264e-01
3.334899621458147223e+00 -1.669799242916294446e+00
4.271341529064303089e+00 -3.542683058128606177e+00
4.168592619623712636e+00 -3.337185239247425272e+00
2.781767953450557940e+00 -5.635359069011158795e-01
3.420973338953008813e+00 -1.841946677906017626e+00
2.774209062789183999e+00 -5.484181255783679987e-01
2.918792350369198818e+00 -8.375847007383976361e-01
4.729857132757473437e+00 -4.459714265514946874e+00
4.348513465580342796e+00 -3.697026931160685592e+00
2.053810771318563155e+00 8.923784573628736894e-01
3.129963089332338466e+00 -1.259926178664676932e+00
3.595439830094965039e+00 -2.190879660189930078e+00
4.183371425855510140e+00 -3.366742851711020279e+00
2.617270187386600000e+00 -2.345403747731999999e-01
4.963169191101934885e+00 -4.926338382203869770e+00
3.468204808431039510e+00 -1.936409616862079019e+00
4.927054355645214656e+00 -4.854108711290429312e+00
4.180146362696751439e+00 -3.360292725393502877e+00
3.041375066029602170e+00 -1.082750132059204340e+00
3.230008594091075658e+00 -1.460017188182151315e+00
2.106054429728685395e+00 7.878911405426292092e-01
4.587042853845204604e+00 -4.174085707690409208e+00
2.471078993267086688e+00 5.784201346582662495e-02
3.619922501636161360e+00 -2.239845003272322721e+00
2.263041546542703841e+00 4.739169069145923174e-01
4.461176658941312212e+00 -3.922353317882624424e+00
4.785157555123217499e+00 -4.570315110246434998e+00
4.259916006926176557e+00 -3.519832013852353114e+00
2.576455805454578751e+00 -1.529116109091575026e-01
3.258743073638968646e+00 -1.517486147277937292e+00
2.284217079928847483e+00 4.315658401423050350e-01
4.838359042755795869e+00 -4.676718085511591738e+00
2.780201544382284951e+00 -5.604030887645699011e-01
4.165511568512219043e+00 -3.331023137024438086e+00
4.888397352669371365e+00 -4.776794705338742730e+00
2.964101223508780247e+00 -9.282024470175604947e-01
2.245833582524066063e+00 5.083328349518678735e-01
2.968504328527727498e+00 -9.370086570554549965e-01
3.916336971323190586e+00 -2.832673942646381171e+00
2.428923656143070708e+00 1.421526877138585832e-01
2.795666643377332949e+00 -5.913332867546658989e-01
4.715810214283327362e+00 -4.431620428566654724e+00
3.192642151428126684e+00 -1.385284302856253369e+00
3.521999624612657698e+00 -2.043999249225315396e+00
3.081264751193143248e+00 -1.162529502386286495e+00
2.719370329840304912e+00 -4.387406596806098236e-01
2.587587588291947682e+00 -1.751751765838953645e-01
3.722282278994433646e+00 -2.444564557988867293e+00
3.617162910416664712e+00 -2.234325820833329423e+00
2.089236620116247778e+00 8.215267597675044442e-01
2.091045181221763638e+00 8.179096375564727239e-01
2.387414542665465156e+00 2.251709146690696883e-01
3.862412382151932277e+00 -2.724824764303864555e+00
4.534980802184110260e+00 -4.069961604368220520e+00
3.916506406902793724e+00 -2.833012813805587449e+00
4.922053316545997426e+00 -4.844106633091994851e+00
2.713933427372047458e+00 -4.278668547440949155e-01
3.516511423380188184e+00 -2.033022846760376368e+00
3.399606522309312595e+00 -1.799213044618625190e+00
2.963343998048755257e+00 -9.266879960975105135e-01
2.321804697289933550e+00 3.563906054201328999e-01
4.104485460703772404e+00 -3.208970921407544807e+00
2.862979821381111734e+00 -7.259596427622234671e-01
4.897513198761744846e+00 -4.795026397523489692e+00
2.202633017261500292e+00 5.947339654769994155e-01
2.926388687649433162e+00 -8.527773752988663247e-01
3.279191497775538533e+00 -1.558382995551077066e+00
3.052245920945634072e+00 -1.104491841891268145e+00
